10
10
36
44
55
62
70
75
80
84
99
140
142
151
159
160
163
176
185
189
197
207
211
214
220
220
238
248
259
265
267
269
280
288
288
319
319
330
334
345
345
347
352
389
395
397
404
442
451
451
456
461
469
481
484
523
554
555
560
561
592
593
613
615
623
631
637
660
660
668
674
675
691
706
778
806
810
829
840
849
859
872
873
873
874
887
894
919
924
940
940
943
952
958
970
976
994
1007
1024
1029
1031
1039
1053
1065
1065
1072
1083
1087
1098
1105
1116
1117
1127
1139
1167
1183
1184
1184
1193
1203
1206
1217
1232
1242
1250
1253
1255
1257
1259
1263
1263
1275
1283
1289
1294
1307
1317
1321
1325
1326
1357
1364
1369
1374
1380
1384
1385
1417
1425
1426
1432
1445
1446
1454
1457
1466
1498
1503
1517
1535
1559
1569
1571
1581
1588
1590
1593
1625
1637
1644
1645
1645
1655
1660
1664
1669
1679
1695
1703
1706
1708
1739
1746
1766
1784
1788
1793
1810
1818
1826
1828
1834
1840
1847
1868
1871
1873
1879
1892
1903
1912
1928
1929
1932
1940
1943
1950
1973
1988
2001
2002
2003
2019
2020
2027
2036
2047
2049
2050
2056
2109
2111
2112
2117
2127
2135
2138
2149
2155
2160
2162
2173
2173
2204
2208
2221
2222
2223
2224
2227
2240
2253
2267
2273
2281
2283
2288
2307
2319
2325
2328
2358
2358
2358
2420
2421
2429
2434
2456
2458
2460
2463
2463
2465
2472
2474
2483
2483
2499
2500
2514
2528
2532
2535
2561
2570
2570
2575
2586
2593
2599
2603
2609
2628
2650
2654
2655
2668
2668
2675
2677
2684
2690
2694
2701
2712
2723
2737
2739
2744
2748
2748
2749
2751
2766
2775
2776
2777
2777
2780
2785
2794
2812
2813
2820
2824
2828
2877
2880
2881
2882
2903
2906
2907
2912
2917
2935
2948
2957
2957
2964
3002
3031
3037
3052
3058
3066
3077
3096
3108
3111
3111
3140
3145
3145
3147
3161
3181
3186
3187
3194
3205
3209
3214
3237
3237
3254
3307
3307
3310
3319
3328
3342
3352
3357
3358
3360
3366
3370
3374
3376
3376
3380
3398
3400
3405
3425
3431
3432
3448
3458
3459
3459
3485
3516
3519
3539
3554
3578
3588
3592
3607
3608
3617
3621
3641
3645
3653
3654
3654
3656
3662
3670
3712
3726
3732
3753
3765
3765
3770
3770
3777
3780
3783
3803
3814
3830
3840
3878
3896
3908
3918
3920
3920
3924
3977
3988
4035
4036
4040
4041
4053
4057
4077
4087
4093
4115
4129
4131
4134
4136
4168
4187
4187
4202
4213
4222
4249
4255
4287
4307
4363
4363
4376
4382
4384
4421
4422
4426
4440
4440
4444
4448
4453
4459
4483
4488
4511
4520
4526
4534
4539
4551
4552
4561
4580
4589
4590
4596
4602
4613
4614
4624
4630
4645
4664
4665
4667
4673
4675
4678
4682
4693
4709
4710
4710
4716
4723
4742
4756
4764
4770
4774
4780
4781
4790
4801
4802
4804
4810
4816
4819
4841
4847
4869
4879
4891
4891
4900
4913
4936
4936
4936
4949
4977
4985
4991
4998
5013
5032
5045
5060
5075
5084
5087
5110
5117
5119
5124
5152
5154
5159
5171
5190
5193
5213
5218
5219
5232
5236
5239
5251
5256
5285
5291
5291
5293
5307
5342
5400
5430
5444
5445
5467
5474
5475
5485
5488
5505
5511
5531
5533
5573
5577
5577
5578
5592
5614
5614
5647
5661
5669
5676
5686
5719
5737
5740
5767
5811
5816
5833
5861
5868
5907
5918
5927
5936
5943
5959
5966
5966
5970
5973
5984
5984
5988
6028
6041
6048
6052
6083
6099
6104
6122
6124
6139
6150
6174
6189
6214
6216
6227
6238
6256
6269
6271
6276
6278
6282
6287
6293
6310
6314
6320
6320
6328
6353
6373
6398
6399
6408
6409
6421
6424
6431
6433
6447
6450
6470
6476
6486
6486
6494
6501
6502
6508
6510
6510
6512
6512
6515
6516
6521
6543
6546
6578
6592
6597
6601
6612
6617
6624
6630
6634
6637
6643
6644
6656
6659
6696
6697
6706
6712
6714
6739
6741
6742
6752
6763
6765
6768
6772
6775
6784
6818
6821
6834
6834
6858
6876
6902
6916
6923
6926
6935
6957
6969
6976
6987
6993
7015
7023
7027
7044
7046
7052
7071
7073
7074
7078
7101
7105
7115
7126
7138
7141
7144
7149
7154
7160
7173
7196
7209
7228
7232
7240
7242
7293
7305
7340
7346
7347
7350
7388
7389
7420
7425
7432
7433
7436
7440
7451
7456
7465
7473
7485
7506
7511
7533
7549
7553
7579
7581
7589
7594
7610
7612
7613
7616
7626
7643
7643
7648
7655
7666
7666
7686
7691
7702
7728
7743
7745
7771
7778
7793
7799
7802
7806
7820
7821
7841
7848
7873
7873
7876
7880
7897
7903
7924
7943
7949
7966
7984
7992
7999
8012
8032
8033
8040
8042
8083
8100
8103
8105
8108
8112
8121
8139
8141
8152
8160
8166
8166
8170
8173
8177
8200
8203
8204
8208
8210
8224
8234
8235
8236
8239
8241
8248
8255
8271
8294
8329
8346
8376
8376
8377
8390
8395
8401
8412
8423
8434
8446
8455
8463
8480
8481
8494
8497
8503
8507
8512
8523
8525
8529
8551
8554
8576
8584
8588
8594
8597
8604
8613
8621
8649
8651
8651
8652
8652
8665
8673
8682
8699
8714
8715
8722
8730
8732
8736
8738
8747
8762
8804
8812
8814
8821
8834
8843
8868
8887
8891
8893
8894
8907
8917
8925
8970
8979
8991
8991
9035
9041
9053
9069
9078
9082
9090
9130
9150
9173
9176
9181
9196
9204
9236
9237
9243
9253
9271
9289
9300
9305
9320
9342
9344
9354
9360
9382
9384
9432
9434
9445
9448
9448
9472
9483
9513
9514
9521
9537
9549
9552
9562
9565
9566
9583
9592
9595
9600
9625
9631
9631
9633
9633
9635
9636
9661
9669
9680
9681
9692
9695
9703
9719
9742
9759
9763
9766
9776
9778
9791
9811
9820
9820
9840
9847
9847
9850
9850
9852
9853
9924
9925
9927
9927
9934
9963
9975
9977
20
21
27
33
54
62
69
75
82
87
88
90
93
99
103
104
112
137
152
167
168
242
251
258
267
279
297
302
308
312
312
339
345
351
367
374
400
401
412
413
437
439
440
446
455
470
485
493
497
499
529
531
538
558
579
585
609
662
663
686
706
709
724
739
740
749
772
774
775
801
805
811
829
830
836
846
865
867
871
891
893
905
914
950
956
963
969
973
990
1003
1004
1005
1016
1025
1025
1029
1030
1044
1049
1060
1087
1104
1151
1158
1167
1174
1177
1196
1201
1218
1220
1223
1242
1248
1267
1273
1300
1301
1311
1316
1319
1323
1333
1347
1363
1374
1386
1391
1405
1418
1428
1429
1435
1438
1439
1450
1451
1458
1460
1463
1486
1489
1490
1496
1514
1533
1544
1545
1546
1558
1562
1572
1577
1583
1620
1632
1635
1637
1656
1662
1665
1679
1679
1685
1688
1697
1700
1706
1714
1719
1720
1725
1731
1751
1753
1762
1768
1771
1771
1812
1830
1834
1842
1849
1881
1884
1901
1904
1905
1909
1909
1920
1923
1951
1952
1970
1970
1998
2013
2031
2042
2042
2043
2062
2086
2088
2114
2125
2166
2185
2189
2193
2222
2247
2248
2251
2255
2262
2266
2281
2285
2324
2325
2345
2353
2358
2365
2365
2368
2379
2410
2415
2427
2453
2453
2468
2492
2492
2493
2509
2573
2577
2584
2610
2613
2615
2621
2644
2660
2663
2664
2666
2667
2678
2697
2726
2729
2737
2738
2742
2745
2748
2753
2768
2768
2771
2792
2793
2793
2796
2813
2823
2842
2852
2854
2870
2871
2881
2888
2891
2901
2908
2918
2970
2973
2991
2992
3008
3018
3038
3041
3042
3052
3064
3072
3096
3110
3111
3141
3171
3195
3208
3215
3223
3234
3250
3251
3256
3261
3264
3265
3269
3273
3287
3298
3334
3336
3341
3342
3347
3357
3372
3381
3394
3395
3407
3408
3414
3416
3424
3426
3441
3443
3449
3453
3457
3461
3478
3495
3496
3503
3513
3522
3525
3546
3546
3589
3593
3597
3639
3644
3656
3664
3668
3675
3688
3690
3697
3699
3700
3710
3750
3758
3758
3759
3761
3773
3779
3784
3796
3806
3808
3812
3820
3832
3834
3834
3837
3838
3854
3862
3874
3891
3905
3912
3916
3922
3923
3941
3942
3948
3948
3948
3951
3968
4015
4016
4058
4071
4094
4101
4111
4124
4124
4127
4137
4169
4188
4189
4206
4241
4246
4248
4260
4267
4284
4289
4318
4327
4339
4341
4346
4347
4356
4365
4367
4370
4378
4378
4390
4406
4413
4416
4429
4448
4452
4456
4462
4462
4465
4470
4512
4513
4514
4523
4525
4542
4554
4555
4562
4569
4577
4585
4599
4604
4625
4630
4633
4640
4653
4653
4687
4689
4695
4700
4702
4720
4732
4737
4742
4759
4771
4780
4803
4823
4852
4854
4861
4876
4878
4886
4901
4912
4917
4921
4924
4925
4933
4942
4952
4956
5004
5005
5015
5041
5051
5071
5078
5084
5091
5092
5100
5108
5119
5122
5130
5154
5159
5188
5189
5196
5197
5198
5200
5208
5215
5277
5279
5286
5294
5298
5314
5358
5365
5365
5376
5377
5382
5400
5404
5414
5438
5451
5458
5463
5482
5529
5532
5543
5554
5556
5583
5603
5606
5625
5642
5642
5642
5648
5657
5658
5667
5678
5721
5724
5738
5742
5742
5743
5748
5755
5762
5768
5774
5789
5806
5827
5831
5843
5849
5855
5899
5900
5904
5906
5931
5950
5956
5968
5968
5970
6006
6029
6030
6035
6042
6053
6069
6069
6075
6095
6107
6121
6143
6144
6168
6171
6188
6195
6203
6214
6224
6225
6229
6249
6257
6277
6293
6296
6308
6311
6312
6318
6326
6327
6327
6332
6360
6381
6398
6404
6405
6424
6440
6441
6455
6462
6472
6479
6479
6481
6490
6494
6495
6501
6516
6518
6527
6540
6545
6576
6594
6608
6609
6613
6631
6636
6643
6644
6646
6681
6683
6684
6701
6703
6703
6704
6708
6723
6738
6739
6740
6742
6746
6758
6778
6785
6792
6809
6810
6823
6833
6842
6860
6867
6868
6884
6884
6887
6890
6899
6901
6907
6911
6911
6916
6925
6930
6934
6935
6938
6941
6959
6961
6962
6965
6981
7005
7013
7017
7032
7035
7037
7045
7047
7050
7086
7102
7103
7148
7186
7191
7197
7210
7217
7235
7237
7246
7250
7251
7270
7294
7300
7315
7326
7326
7333
7351
7365
7376
7386
7389
7390
7435
7443
7448
7458
7474
7475
7499
7504
7507
7509
7532
7542
7549
7550
7566
7567
7573
7619
7619
7630
7648
7662
7667
7676
7696
7701
7704
7716
7719
7730
7734
7743
7770
7771
7774
7778
7781
7803
7804
7805
7821
7831
7835
7858
7882
7904
7912
7913
7913
7922
7937
7944
7946
7950
7966
7971
7974
7976
7987
8010
8019
8041
8048
8051
8057
8065
8065
8065
8088
8110
8112
8116
8123
8130
8136
8144
8158
8166
8185
8185
8194
8199
8200
8202
8203
8210
8213
8218
8233
8236
8260
8263
8284
8288
8292
8293
8303
8308
8321
8321
8338
8342
8351
8374
8374
8375
8385
8390
8401
8406
8433
8448
8496
8499
8504
8508
8510
8513
8528
8539
8546
8564
8572
8573
8575
8594
8597
8614
8629
8639
8648
8648
8654
8666
8711
8712
8723
8758
8785
8786
8800
8805
8808
8808
8814
8819
8822
8824
8825
8829
8834
8842
8852
8857
8867
8878
8890
8894
8910
8920
8925
8954
8975
8985
8988
8991
8998
9001
9020
9041
9050
9052
9054
9055
9068
9080
9103
9111
9141
9154
9158
9173
9175
9188
9190
9191
9215
9229
9230
9237
9241
9245
9261
9264
9267
9269
9269
9277
9306
9308
9315
9317
9331
9343
9344
9350
9353
9355
9362
9377
9387
9408
9414
9424
9428
9429
9443
9446
9447
9449
9457
9471
9477
9495
9557
9581
9587
9593
9609
9629
9673
9698
9698
9700
9711
9718
9720
9731
9733
9737
9742
9745
9758
9784
9789
9798
9801
9811
9815
9828
9832
9837
9843
9850
9852
9889
9891
9900
9904
9924
9928
9945
9946
9951
9954
9963
9975
